model_name, citeseer, cora, pubmed
mlp,[0.4756, 0.021270638],[0.02170482873916626, 0.004524949682471085],[0.4968, 0.021399992],[0.03369171619415283, 0.00443693589062298],[0.7335, 0.0248284],[0.10451931953430176, 0.00505647260698841]
gcn,[0.64890003, 0.028026592],[0.02353435754776001, 0.005109540412817313],[0.77769995, 0.023879068],[0.03697147369384766, 0.004974946465919342],[0.7464, 0.07349585],[0.10884026288986207, 0.006533621373830769]
gat,[0.6501, 0.020791577],[0.0837352991104126, 0.027506683971162366],[0.7898, 0.026761169],[0.19361835718154907, 0.03673114618830694],[0.7641, 0.05089096],[0.437636661529541, 0.045150142427685565]
dcnn,[0.6409, 0.021374995],[-0.10842509269714355, 0.006321446535441588],[0.66069996, 0.13742784],[-0.08410474061965942, 0.0070723008955905], (,), (,)
spectralcnn,[0.47660002, 0.023766369],[-0.05290751457214356, 0.003950601770201465],[0.4974, 0.024377044],[-0.048698270320892335, 0.0037986556387584387],[0.7341, 0.020131819],[-1.1930135488510132, 0.007643615556319521]
graphsage,[0.6224, 0.026203824],[0.02779437303543091, 0.006301120968297677],[0.60899997, 0.04271067],[0.04853589534759521, 0.007435631069607045],[0.60370004, 0.040792275],[0.1342715620994568, 0.00950618942353251]
graphsage_meanpool,[0.5917, 0.033039518],[0.03069065809249878, 0.007555552972836432],[0.7186, 0.04536121],[0.05731711387634277, 0.009259515580659525],[0.7697, 0.04839431],[0.15402486324310302, 0.011584837551691969]
graphsage_maxpool,[0.5769, 0.020796385],[0.02815532684326172, 0.00805023291221004],[0.7063, 0.017933493],[0.05649769306182861, 0.009271350023535817],[0.7684, 0.034229223],[0.149852192401886, 0.015283053390530878]
firstcheb,[0.60019994, 0.02553352],[0.026866221427917482, 0.006675794832587455],[0.58129996, 0.035290368],[0.04615548849105835, 0.006599235496821801],[0.71290004, 0.049302027],[0.13131070137023926, 0.009238941278574995]
