0,[0.19119999, 0.015929844]
5,[0.26420003, 0.08159264]
10,[0.2894, 0.07520531]
15,[0.30040002, 0.016304601]
20,[0.3818, 0.041072626]
30,[0.463, 0.03996998]
40,[0.47719997, 0.06108158]
60,[0.5044, 0.024368836]
100,[0.5624, 0.039942946]
140,[0.54639995, 0.080472596]
180,[0.6238, 0.017937664]
220,[0.6162, 0.026392413]
260,[0.6438, 0.018015541]
300,[0.6514, 0.021657322]
400,[0.6696, 0.02407155]
500,[0.64119995, 0.056820422]
600,[0.6946, 0.024630062]
800,[0.67539996, 0.049110506]
1000,[0.6802, 0.03608546]
1200,[0.71019995, 0.026369683]
1400,[0.70439994, 0.015147277]
