0,[0.19119999, 0.015929844]
5,[0.2792, 0.08824375]
10,[0.3276, 0.05445218]
15,[0.3466, 0.05699332]
20,[0.4348, 0.032950874]
30,[0.4718, 0.037615955]
40,[0.5022, 0.026850699]
60,[0.5184, 0.03598111]
100,[0.5752, 0.020913156]
140,[0.59799993, 0.027107185]
180,[0.6074, 0.026431812]
220,[0.604, 0.032820728]
260,[0.61160004, 0.035290796]
300,[0.6322, 0.028024295]
400,[0.61759996, 0.026264802]
500,[0.6114, 0.027244078]
600,[0.6126, 0.037387725]
800,[0.60359997, 0.025405511]
1000,[0.6158, 0.030129047]
1200,[0.6208, 0.03360596]
1400,[0.62799996, 0.029182168]
