0,[0.19119999, 0.015929844]
5,[0.20979998, 0.063552804]
10,[0.27519998, 0.06624318]
15,[0.34680003, 0.029308017]
20,[0.3792, 0.038175397]
30,[0.46879998, 0.045735754]
40,[0.49100003, 0.027633308]
60,[0.545, 0.03246536]
100,[0.60819995, 0.018015545]
140,[0.63220006, 0.014551968]
180,[0.6202, 0.05262472]
220,[0.6434, 0.009090659]
260,[0.653, 0.034292858]
300,[0.6656, 0.02713375]
400,[0.6908, 0.0034292762]
500,[0.7004, 0.013184842]
600,[0.704, 0.02466577]
800,[0.7192, 0.014797301]
1000,[0.7252, 0.010225468]
1200,[0.7322, 0.019732194]
1400,[0.74020004, 0.00861163]
