0,[0.19119999, 0.015929844]
5,[0.2624, 0.104815274]
10,[0.29160002, 0.04646978]
15,[0.34120002, 0.03975625]
20,[0.42600003, 0.027546324]
30,[0.46280003, 0.04303209]
40,[0.4952, 0.04226299]
60,[0.554, 0.025868904]
100,[0.5926, 0.029275242]
140,[0.6278, 0.01698706]
180,[0.6218, 0.031536654]
220,[0.64900005, 0.015006661]
260,[0.65360004, 0.012846778]
300,[0.67399997, 0.0073211943]
400,[0.681, 0.0040496597]
500,[0.6983999, 0.010707017]
600,[0.7, 0.022494446]
800,[0.72139996, 0.013763727]
1000,[0.70940006, 0.015564055]
1200,[0.73260003, 0.021574054]
1400,[0.73100007, 0.02788547]
