0,[0.19119999, 0.015929844]
5,[0.2168, 0.050451558]
10,[0.2586, 0.04671017]
15,[0.2988, 0.046559207]
20,[0.34579998, 0.039846703]
30,[0.38000003, 0.03067899]
40,[0.4264, 0.026241949]
60,[0.4554, 0.04761765]
100,[0.5184, 0.02542911]
140,[0.5254, 0.033181928]
180,[0.5478, 0.022292597]
220,[0.564, 0.007293834]
260,[0.58059996, 0.0053516263]
300,[0.5996, 0.013836186]
400,[0.6158, 0.013789836]
500,[0.6146, 0.029138288]
600,[0.6328, 0.016351158]
800,[0.65620005, 0.021008572]
1000,[0.6472, 0.023659242]
1200,[0.6724, 0.038380206]
1400,[0.6842, 0.016079808]
