0,[0.19119999, 0.015929844]
5,[0.2418, 0.065217786]
10,[0.2968, 0.0639481]
15,[0.27619997, 0.03086357]
20,[0.3442, 0.057953086]
30,[0.35840002, 0.031019997]
40,[0.412, 0.03866263]
60,[0.45779997, 0.050376184]
100,[0.5362, 0.04146033]
140,[0.56420004, 0.0227807]
180,[0.5886, 0.018650476]
220,[0.58860004, 0.0338975]
260,[0.6038, 0.019711934]
300,[0.6328, 0.012718505]
400,[0.6394, 0.031512532]
500,[0.64460003, 0.042972554]
600,[0.6588, 0.028045673]
800,[0.6862, 0.018126229]
1000,[0.6984, 0.0152394315]
1200,[0.7128, 0.020053936]
1400,[0.709, 0.037159134]
