0,[0.19119999, 0.015929844]
5,[0.2822, 0.086670406]
10,[0.3364, 0.043720018]
15,[0.3818, 0.05781833]
20,[0.4374, 0.04776024]
30,[0.4788, 0.040101867]
40,[0.49839997, 0.03246907]
60,[0.536, 0.022135958]
100,[0.58640003, 0.026234323]
140,[0.6014, 0.02073259]
180,[0.6162, 0.01930182]
220,[0.6132, 0.026308939]
260,[0.6176, 0.027353985]
300,[0.62460005, 0.022817545]
400,[0.6332, 0.022103388]
500,[0.6396, 0.009992011]
600,[0.62740004, 0.03076751]
800,[0.62119997, 0.02696963]
1000,[0.62180007, 0.037901983]
1200,[0.62740004, 0.042400934]
1400,[0.6332, 0.043115653]
