0,[0.19119999, 0.015929844]
5,[0.24099998, 0.0683842]
10,[0.2752, 0.031581003]
15,[0.2902, 0.028322423]
20,[0.3382, 0.045858044]
30,[0.37080002, 0.0141901355]
40,[0.3678, 0.025230134]
60,[0.4034, 0.023567783]
100,[0.44660002, 0.02165733]
140,[0.4564, 0.01623083]
180,[0.46040002, 0.012831216]
220,[0.4836, 0.016119553]
260,[0.48999995, 0.012328822]
300,[0.49840003, 0.010928863]
400,[0.5136, 0.016668532]
500,[0.53300005, 0.008648701]
600,[0.53739995, 0.028429566]
800,[0.5406, 0.016131956]
1000,[0.5744, 0.0190641]
1200,[0.5714, 0.02315686]
1400,[0.59239995, 0.019550955]
