0,[0.19119999, 0.015929844]
5,[0.23499998, 0.06224146]
10,[0.2946, 0.0428607]
15,[0.27019998, 0.040310793]
20,[0.33200002, 0.037682887]
30,[0.368, 0.01860108]
40,[0.3754, 0.014207038]
60,[0.39180002, 0.023684591]
100,[0.4328, 0.008231653]
140,[0.454, 0.013813033]
180,[0.4626, 0.019713948]
220,[0.48439997, 0.0124836]
260,[0.49799997, 0.009143302]
300,[0.48859996, 0.009457274]
400,[0.49960002, 0.0092433775]
500,[0.5256, 0.019147845]
600,[0.5382, 0.017336667]
800,[0.5508, 0.022103382]
1000,[0.5682, 0.0099277515]
1200,[0.5762, 0.019322524]
1400,[0.5874, 0.015081109]
